369	2
370	3
371	3
372	4
373	5
374	6
375	6
376	5
377	6
378	7
379	8
380	9
381	10
382	11
383	12
384	13
385	11
386	12
387	13
388	14
389	15
390	16
391	93
392	94
393	95
394	96
395	97
396	98
397	99
398	117
399	117
400	117
401	117
402	118
403	119
404	118
405	118
406	119
407	120
408	119
409	119
410	120
411	121
412	121
413	120
414	121
415	122
416	123
417	124
418	124
419	123
420	124
421	125
422	125
423	125
424	125
425	126
426	127
427	128
428	129
429	127
430	128
431	129
432	130
433	131
434	139
435	140
436	140
437	140
438	141
439	142
440	142
441	141
442	142
443	143
444	143
445	143
446	143
447	144
448	144
449	145
450	146
451	147
452	148
453	149
454	150
455	150
456	149
457	150
458	151
459	151
460	150
461	151
462	152
463	152
464	152
465	153
466	154
467	155
468	156
469	157
470	157
471	156
472	157
473	158
474	158
475	158
476	158
477	159
478	159
479	159
480	160
481	161
482	162
483	163
484	164
485	165
486	209
487	209
488	209
489	209
490	209
491	209
492	209
493	209
494	209
495	209
496	209
497	209
498	209
499	209
500	209
501	209
502	209
503	209
504	209
505	209
506	209
507	209
508	209
509	209
510	209
511	209
512	183
513	183
514	182
515	209
516	209
517	209
518	209
519	209
520	209
521	209
522	209
523	209
524	209
525	209
526	209
527	209
528	209
529	209
530	209
531	210
532	210
533	210
534	211
535	212
536	211
537	211
538	212
539	213
540	214
541	215
542	215
543	214
544	215
545	216
546	217
547	218
548	219
549	220
550	220
551	219
552	220
553	221
554	222
555	223
556	224
557	225
558	226
559	233
560	233
561	233
562	233
563	234
564	234
565	234
566	235
567	236
568	237
569	238
570	237
571	237
572	238
573	239
574	240
575	240
576	239
577	240
578	241
579	242
580	243
581	244
582	243
583	243
584	244
585	245
586	246
587	247
588	248
589	247
590	247
591	248
592	249
593	250
594	249
595	249
596	250
597	251
598	252
599	267
600	267
601	267
602	253
603	254
604	255
605	256
606	257
607	258
608	268
609	268
610	268
611	269
612	269
613	269
614	269
615	270
616	271
617	271
618	272
619	273
620	274
621	275
622	276
623	277
624	277
625	277
626	277
627	277
628	278
629	278
630	278
631	278
632	279
633	279
634	279
635	280
636	280
637	280
638	280
639	281
640	282
641	283
642	282
643	282
644	283
645	284
646	284
647	284
648	284
649	285
650	286
651	287
652	287
653	286
654	287
655	288
656	288
657	289
658	290
659	302
660	302
661	303
662	303
663	304
664	304
665	304
666	304
667	305
668	306
669	307
670	308
671	309
672	310
673	311
674	311
675	310
676	311
677	312
678	312
679	311
680	312
681	313
682	314
683	315
684	316
685	317
686	317
687	316
688	317
689	318
690	319
691	324
692	324
693	325
694	325
695	325
696	326
697	327
698	328
699	329
700	330
701	331
702	332
703	331
704	331
705	332
706	333
707	332
708	332
709	333
710	334
711	335
712	336
713	337
714	338
715	339
716	340
717	340
718	339
719	340
720	341
721	342
722	343
723	344
724	345
725	346
726	347
727	348
728	349
729	350
730	351
731	350
732	350
733	351
734	351
735	351
736	351
737	352
738	352
739	353
740	354
741	355
742	356
743	357
744	355
745	356
746	357
747	358
748	359
749	360
750	372
751	372
752	373
753	373
754	373
755	373
756	374
757	374
758	374
759	375
760	376
761	376
762	375
763	376
764	377
765	378
766	378
767	377
768	378
769	379
770	380
771	381
772	382
773	383
774	384
775	384
776	383
777	384
778	385
779	386
780	387
781	388
782	389
783	390
784	391
785	392
786	393
787	394
788	393
789	393
790	394
791	395
792	395
793	396
794	397
795	398
796	399
797	400
798	401
799	402
800	403
801	404
802	405
803	406
804	407
805	408
806	408
807	407
808	408
809	409
810	410
811	411
812	411
813	410
814	411
815	412
816	413
817	418
818	418
819	418
820	419
821	419
822	419
823	419
824	420
825	420
826	421
827	422
828	423
829	424
830	425
831	426
832	425
833	425
834	426
835	427
836	428
837	429
838	430
839	430
840	429
841	430
842	431
843	431
844	432
845	441
846	441
847	442
848	442
849	443
850	444
851	445
852	445
853	444
854	445
855	446
856	447
857	448
858	449
859	450
860	451
861	451
862	450
863	451
864	452
865	452
866	453
867	454
868	455
869	456
870	457
871	458
872	459
873	460
874	461
875	462
876	464
877	464
878	464
879	465
880	465
881	465
882	466
883	466
884	466
885	466
886	467
887	468
888	469
889	469
890	468
891	469
892	470
893	470
894	469
895	470
896	471
897	472
898	473
899	472
900	472
901	473
902	474
903	475
904	476
905	477
906	476
907	476
908	477
909	478
910	479
911	480
912	478
913	479
914	480
915	481
916	482
917	483
918	484
919	485
920	486
921	487
922	486
923	486
924	487
925	488
926	489
927	490
928	491
929	491
930	490
931	491
932	492
933	493
934	494
935	495
936	496
937	497
938	498
939	499
940	500
941	501
942	511
943	511
944	511
945	512
946	512
947	512
948	512
949	513
950	513
951	514
952	515
953	516
954	517
955	517
956	516
957	517
958	518
959	518
960	519
961	518
962	519
963	519
964	520
965	520
966	520
967	520
968	521
969	521
970	521
971	522
972	523
973	524
974	525
975	526
976	527
977	526
978	526
979	527
980	528
981	529
982	528
983	528
984	529
985	530
986	531
987	532
988	533
989	534
990	535
991	534
992	534
993	535
994	535
995	535
996	536
997	537
998	538
999	539
1000	540
1001	539
1002	539
1003	540
1004	541
1005	542
1006	543
1007	544
1008	545
1009	546
1010	558
1011	558
1012	558
1013	559
1014	560
1015	561
1016	562
1017	563
1018	564
1019	565
1020	563
1021	564
1022	565
1023	566
1024	567
1025	565
1026	566
1027	567
1028	568
1029	568
1030	569
1031	568
1032	569
1033	569
1034	570
1035	570
1036	571
1037	572
1038	573
1039	573
1040	572
1041	573
1042	574
1043	574
1044	573
1045	574
1046	575
1047	576
1048	577
1049	578
1050	579
1051	579
1052	578
1053	579
1054	580
1055	580
1056	580
1057	581
1058	582
1059	583
1060	584
1061	585
1062	586
1063	587
1064	587
1065	586
1066	587
1067	588
1068	588
1069	588
1070	588
1071	589
1072	590
1073	591
1074	592
1075	593
1076	593
1077	592
1078	593
1079	594
1080	594
1081	594
1082	594
1083	595
1084	596
1085	597
1086	598
1087	599
1088	600
1089	601
1090	602
1091	603
1092	603
1093	602
1094	603
1095	604
1096	605
1097	604
1098	604
1099	605
1100	606
1101	607
1102	607
1103	607
1104	608
1105	609
1106	609
1107	608
1108	609
1109	610
1110	610
1111	609
1112	610
1113	611
1114	611
1115	610
1116	611
1117	612
1118	613
1119	614
1120	615
1121	613
1122	614
1123	615
1124	616
1125	614
1126	615
1127	617
1128	618
1129	619
1130	620
1131	620
1132	619
1133	620
1134	621
1135	650
1136	650
1137	651
1138	652
1139	653
1140	654
1141	655
1142	656
1143	655
1144	655
1145	656
1146	656
1147	656
1148	655
1149	656
1150	657
1151	656
1152	656
1153	657
1154	658
1155	657
1156	657
1157	658
1158	659
1159	658
1160	674
1161	674
1162	675
1163	676
1164	677
1165	678
1166	677
1167	677
1168	678
1169	679
1170	679
1171	680
1172	680
1173	680
1174	680
1175	681
1176	681
1177	681
1178	682
1179	682
1180	682
1181	682
1182	683
1183	683
1184	683
1185	696
1186	696
1187	696
1188	684
1189	696
1190	696
1191	696
1192	696
1193	696
1194	696
1195	696
1196	696
1197	696
1198	696
1199	696
1200	696
1201	696
1202	696
1203	696
1204	697
1205	697
1206	697
1207	697
1208	698
1209	698
1210	698
1211	698
1212	699
1213	699
1214	699
1215	699
1216	700
1217	701
1218	702
1219	703
1220	704
1221	705
1222	704
1223	704
1224	705
1225	706
1226	707
1227	708
1228	709
1229	710
1230	711
1231	710
1232	710
1233	711
1234	712
1235	711
1236	711
1237	712
1238	713
1239	713
1240	714
1241	715
1242	716
1243	717
1244	718
1245	719
1246	719
1247	719
1248	719
1249	720
1250	720
1251	720
1252	720
1253	721
1254	766
1255	766
1256	767
1257	768
1258	769
1259	770
1260	771
1261	770
1262	770
1263	771
1264	772
1265	771
1266	772
1267	771
1268	766
1269	766
1270	767
1271	768
1272	766
1273	766
1274	766
1275	767
1276	766
1277	766
1278	766
1279	766
1280	766
1281	766
1282	766
1283	766
1284	766
1285	766
1286	766
1287	766
1288	767
1289	767
1290	767
1291	767
1292	768
1293	768
1294	768
1295	768
1296	769
1297	770
1298	771
1299	772
1300	772
1301	771
1302	772
1303	772
1304	772
1305	773
1306	773
1307	773
1308	788
1309	788
1310	788
1311	788
1312	788
1313	788
1314	790
1315	791
1316	790
1317	791
1318	791
1319	792
1320	791
1321	792
1322	792
1323	792
1324	792
1325	793
1326	794
1327	795
1328	796
1329	797
1330	798
1331	798
1332	797
1333	798
1334	799
1335	800
1336	798
1337	799
1338	800
1339	801
1340	802
1341	803
1342	804
1343	805
1344	806
1345	804
1346	805
1347	806
1348	807
1349	806
1350	807
1351	808
1352	809
1353	810
1354	811
1355	812
1356	812
1357	811
1358	812
1359	813
1360	824
1361	825
1362	825
1363	825
1364	825
1365	826
1366	827
1367	828
1368	829
1369	830
1370	831
1371	832
1372	833
1373	833
1374	834
1375	835
1376	835
1377	835
1378	835
1379	836
1380	836
1381	836
1382	836
1383	837
1384	837
1385	837
1386	837
1387	838
1388	838
1389	838
1390	838
1391	839
1392	840
1393	841
1394	842
1395	841
1396	841
1397	842
1398	843
1399	843
1400	843
1401	843
1402	844
1403	845
1404	846
1405	844
1406	845
1407	846
1408	847
1409	848
1410	860
1411	860
1412	861
1413	861
1414	861
1415	861
1416	862
1417	862
1418	862
1419	862
1420	863
1421	864
1422	865
1423	866
1424	867
1425	866
1426	866
1427	867
1428	868
1429	869
1430	870
1431	871
1432	872
1433	873
1434	874
1435	875
1436	876
1437	877
1438	878
1439	879
1440	882
1441	882
1442	883
1443	884
1444	885
1445	886
1446	887
1447	888
1448	889
1449	890
1450	889
1451	889
1452	890
1453	891
1454	892
1455	893
1456	894
1457	895
1458	896
1459	896
1460	897
1461	898
1462	899
1463	900
1464	901
1465	902
1466	901
1467	901
1468	902
1469	903
1470	904
1471	905
1472	906
1473	907
1474	908
1475	907
1476	908
1477	909
1478	910
1479	911
1480	912
1481	912
1482	911
1483	912
1484	913
1485	914
1486	914
1487	915
1488	916
1489	917
1490	918
1491	919
1492	919
1493	918
1494	919
1495	920
1496	921
1497	922
1498	923
1499	929
1500	930
1501	930
1502	930
1503	931
1504	932
1505	933
1506	934
1507	933
1508	933
1509	934
1510	935
1511	936
1512	935
1513	935
1514	936
1515	937
1516	937
1517	937
1518	938
1519	939
1520	940
1521	941
1522	942
1523	943
1524	944
1525	945
1526	946
1527	947
1528	948
1529	949
1530	950
1531	953
1532	954
1533	954
1534	955
1535	956
1536	957
1537	958
1538	956
1539	957
1540	958
1541	959
1542	960
1543	961
1544	962
1545	963
1546	964
1547	965
1548	964
1549	964
1550	965
1551	966
1552	965
1553	965
1554	966
1555	967
1556	968
1557	969
1558	970
1559	970
1560	970
1561	970
1562	976
1563	976
1564	977
1565	978
1566	979
1567	980
1568	980
1569	979
1570	980
1571	981
1572	981
1573	980
1574	981
1575	982
1576	983
1577	984
1578	984
1579	983
1580	984
1581	985
1582	985
1583	985
1584	986
1585	987
1586	988
1587	989
1588	990
1589	999
1590	999
1591	1000
1592	1001
1593	1002
1594	1003
1595	1004
1596	1005
1597	1006
1598	1007
1599	1006
1600	1006
1601	1007
1602	1008
1603	1009
1604	1010
1605	1011
1606	1012
1607	1012
1608	1011
1609	1012
1610	1013
1611	1014
1612	1015
1613	1015
1614	1016
1615	1017
1616	1018
1617	1019
1618	1020
1619	1020
1620	1021
1621	1022
1622	1022
1623	1022
1624	1023
1625	1024
1626	1025
1627	1026
1628	1025
1629	1025
1630	1026
1631	1027
1632	1028
1633	1029
1634	1030
1635	1031
1636	1032
1637	1031
1638	1031
1639	1032
1640	1033
1641	1034
1642	1035
1643	1036
1644	1035
1645	1035
1646	1036
1647	1037
1648	1037
1649	1038
1650	1039
1651	1040
1652	1041
1653	1042
1654	1041
1655	1041
1656	1042
1657	1042
1658	1042
1659	1042
1660	1043
1661	1044
1662	1045
1663	1046
1664	1045
1665	1045
1666	1046
1667	1047
1668	1048
1669	1049
1670	1050
1671	1051
1672	1052
1673	1050
1674	1051
1675	1052
1676	1053
1677	1054
1678	1055
1679	1056
1680	1068
1681	1068
1682	1069
1683	1070
1684	1071
1685	1072
1686	1073
1687	1074
1688	1075
1689	1074
1690	1074
1691	1075
1692	1076
1693	1075
1694	1075
1695	1076
1696	1077
1697	1078
1698	1079
1699	1080
1700	1080
1701	1079
1702	1080
1703	1081
1704	1082
1705	1083
1706	1082
1707	1082
1708	1083
1709	1084
1710	1085
1711	1086
1712	1087
1713	1088
1714	1087
1715	1087
1716	1088
1717	1089
1718	1090
1719	1090
1720	1091
1721	1092
1722	1093
1723	1094
1724	1095
1725	1096
1726	1097
1727	1097
1728	1096
1729	1097
1730	1098
1731	1098
1732	1098
1733	1098
1734	1099
1735	1099
1736	1100
1737	1101
1738	1102
1739	1103
1740	1104
1741	1105
1742	1115
1743	1115
1744	1116
1745	1116
1746	1116
1747	1116
1748	1117
1749	1118
1750	1119
1751	1120
1752	1120
1753	1119
1754	1120
1755	1121
1756	1122
1757	1123
1758	1124
1759	1125
1760	1126
1761	1125
1762	1126
1763	1127
1764	1128
1765	1129
1766	1130
1767	1131
1768	1131
1769	1130
1770	1131
1771	1132
1772	1132
1773	1131
1774	1132
1775	1133
1776	1134
1777	1135
1778	1136
1779	1137
1780	1138
1781	1139
1782	1140
1783	1141
1784	1142
1785	1143
1786	1144
1787	1145
1788	1146
1789	1147
1790	1147
1791	1146
1792	1147
1793	1148
1794	1149
1795	1150
1796	1151
1797	1152
1798	1151
1799	1151
1800	1152
1801	1153
1802	1154
1803	1154
1804	1153
1805	1154
1806	1155
1807	1155
1808	1154
1809	1155
1810	1155
1811	1155
1812	1155
1813	1156
1814	1156
1815	1157
1816	1157
1817	1158
1818	1161
1819	1162
1820	1163
1821	1164
1822	1164
1823	1163
1824	1164
1825	1165
1826	1166
1827	1167
1828	1168
1829	1169
1830	1170
1831	1170
1832	1169
1833	1170
1834	1171
1835	1172
1836	1173
1837	1174
1838	1175
1839	1176
1840	1175
1841	1175
1842	1176
1843	1177
1844	1176
1845	1176
1846	1177
1847	1177
1848	1177
1849	1177
1850	1178
1851	1179
1852	1180
1853	1181
1854	1180
1855	1180
1856	1181
1857	1182
1858	1183
1859	1182
1860	1182
1861	1183
1862	1184
1863	1185
1864	1186
1865	1187
1866	1188
1867	1189
1868	1190
1869	1207
1870	1208
1871	1208
1872	1208
1873	1208
1874	1209
1875	1210
1876	1211
1877	1212
1878	1213
1879	1214
1880	1215
1881	1215
1882	1214
1883	1215
1884	1216
1885	1216
1886	1215
1887	1216
1888	1217
1889	1217
1890	1216
1891	1217
1892	1218
1893	1219
1894	1220
1895	1221
1896	1222
1897	1223
1898	1224
1899	1225
1900	1226
1901	1227
1902	1227
1903	1235
1904	1234
1905	1235
1906	1236
1907	1237
1908	1237
1909	1238
1910	1239
1911	1240
1912	1241
1913	1242
1914	1243
1915	1243
1916	1242
1917	1243
1918	1244
1919	1244
1920	1244
1921	1244
1922	1245
1923	1246
1924	1247
1925	1248
1926	1246
1927	1247
1928	1248
1929	1249
1930	1254
1931	1254
1932	1255
1933	1255
1934	1255
1935	1255
1936	1256
1937	1257
1938	1258
1939	1259
1940	1260
1941	1260
1942	1260
1943	1260
1944	1261
1945	1261
1946	1261
1947	1262
1948	1262
1949	1262
1950	1262
1951	1263
1952	1264
1953	1265
1954	1266
1955	1267
1956	1268
1957	1269
1958	1270
1959	1270
1960	1269
1961	1270
1962	1271
1963	1272
1964	1273
1965	1274
1966	1275
1967	1275
1968	1274
1969	1275
1970	1276
1971	1277
1972	1277
1973	1276
1974	1277
1975	1278
1976	1278
1977	1278
1978	1279
1979	1280
1980	1280
1981	1280
1982	1280
1983	1281
1984	1282
1985	1283
1986	1284
1987	1285
1988	1285
1989	1284
1990	1285
1991	1286
1992	1287
1993	1288
1994	1288
1995	1289
1996	1290
1997	1291
1998	1292
1999	1293
2000	1294
2001	1293
2002	1293
2003	1294
2004	1295
2005	1294
2006	1295
2007	1296
2008	1297
2009	1297
2010	1296
2011	1297
2012	1298
2013	1298
2014	1297
2015	1298
2016	1299
2017	1299
2018	1298
2019	1299
2020	1300
2021	1301
2022	1302
2023	1301
2024	1301
2025	1302
2026	1302
2027	1302
2028	1302
2029	1303
2030	1303
2031	1303
2032	1303
2033	1304
2034	1304
2035	1304
2036	1304
2037	1305
2038	1305
2039	1305
2040	1306
2041	1307
2042	1308
2043	1309
2044	1310
2045	1311
2046	1312
2047	1313
2048	1314
2049	1315
2050	1316
2051	1347
2052	1347
2053	1348
2054	1348
2055	1348
2056	1349
2057	1350
2058	1351
2059	1351
2060	1352
2061	1353
2062	1354
2063	1355
2064	1356
2065	1356
2066	1356
2067	1357
2068	1358
2069	1359
2070	1358
2071	1359
2072	1360
2073	1361
2074	1362
2075	1363
2076	1364
2077	1365
2078	1370
2079	1371
2080	1371
2081	1372
2082	1373
2083	1372
2084	1372
2085	1373
2086	1374
2087	1375
2088	1376
2089	1377
2090	1378
2091	1379
2092	1380
2093	1381
2094	1382
2095	1380
2096	1381
2097	1382
2098	1383
2099	1384
2100	1385
2101	1386
2102	1387
2103	1388
2104	1389
2105	1390
2106	1391
2107	1383
2108	1384
2109	1393
2110	1393
2111	1393
2112	1394
2113	1394
2114	1394
2115	1395
2116	1396
2117	1395
2118	1395
2119	1396
2120	1397
2121	1398
2122	1399
2123	1400
2124	1401
2125	1402
2126	1403
2127	1404
2128	1405
2129	1406
2130	1406
2131	1405
2132	1406
2133	1407
2134	1408
2135	1408
2136	1407
2137	1408
2138	1409
2139	1410
2140	1411
2141	1412
2142	1413
2143	1414
2144	1414
2145	1413
2146	1414
2147	1415
2148	1416
2149	1417
2150	1418
2151	1416
2152	1417
2153	1418
2154	1419
2155	1420
2156	1421
2157	1422
2158	1422
2159	1421
2160	1422
2161	1423
2162	1424
2163	1425
2164	1426
2165	1427
2166	1428
2167	1429
2168	1430
2169	1443
2170	1444
2171	1445
2172	1445
2173	1444
2174	1445
2175	1446
2176	1446
2177	1447
2178	1448
2179	1449
2180	1450
2181	1451
2182	1452
2183	1453
2184	1453
2185	1452
2186	1453
2187	1454
2188	1454
2189	1455
2190	1456
2191	1457
2192	1458
2193	1459
2194	1460
2195	1461
2196	1462
2197	1463
2198	1463
2199	1462
2200	1463
2201	1464
2202	1465
2203	1466
2204	1467
2205	1468
2206	1469
2207	1470
2208	1471
2209	1472
2210	1470
2211	1471
2212	1472
2213	1473
2214	1474
2215	1473
2216	1473
2217	1474
2218	1475
2219	1476
2220	1477
2221	1478
2222	1479
2223	1480
2224	1481
2225	1482
2226	1483
2227	1484
2228	1486
2229	1487
2230	1487
2231	1487
2232	1487
2233	1488
2234	1488
2235	1489
2236	1490
2237	1489
2238	1489
2239	1490
2240	1491
2241	1491
2242	1491
2243	1491
2244	1492
2245	1493
2246	1494
2247	1495
2248	1496
2249	1497
2250	1498
2251	1499
2252	1500
2253	1501
2254	1502
2255	1512
2256	1512
2257	1513
2258	1514
2259	1515
2260	1516
2261	1517
2262	1518
2263	1519
2264	1520
2265	1520
2266	1519
2267	1520
2268	1521
2269	1521
2270	1521
2271	1522
2272	1523
2273	1524
2274	1525
2275	1526
2276	1527
2277	1528
2278	1522
2279	1522
2280	1531
2281	1531
2282	1531
2283	1532
2284	1532
2285	1532
2286	1532
2287	1533
2288	1533
2289	1533
2290	1533
2291	1534
2292	1534
2293	1534
2294	1534
2295	1535
2296	1536
2297	1537
2298	1538
2299	1539
2300	1537
2301	1538
2302	1539
2303	1540
2304	1538
2305	1539
2306	1540
2307	1541
2308	1542
2309	1543
2310	1544
2311	1545
2312	1546
2313	1547
2314	1548
2315	1549
2316	1549
2317	1548
2318	1549
2319	1550
2320	1551
2321	1552
2322	1553
2323	1554
2324	1555
2325	1555
2326	1554
2327	1555
2328	1556
2329	1556
2330	1557
2331	1558
2332	1559
2333	1560
2334	1561
2335	1562
2336	1563
2337	1563
2338	1562
2339	1563
2340	1564
2341	1564
2342	1563
2343	1564
2344	1565
2345	1566
2346	1567
2347	1568
2348	1569
2349	1570
2350	1570
2351	1569
2352	1570
2353	1571
2354	1571
2355	1571
2356	1571
2357	1572
2358	1573
2359	1574
2360	1575
2361	1576
2362	1577
2363	1578
2364	1577
2365	1577
2366	1578
2367	1579
2368	1579
2369	1579
2370	1580
2371	1581
2372	1582
2373	1582
2374	1582
2375	1582
2376	1583
2377	1583
2378	1583
2379	1583
2380	1584
2381	1584
2382	1584
2383	1584
2384	1585
2385	1586
2386	1587
2387	1585
2388	1586
2389	1587
2390	1588
2391	1589
2392	1590
2393	1591
2394	1592
2395	1593
2396	1594
2397	1595
2398	1596
2399	1597
2400	1598
2401	1599
2402	1600
2403	1601
2404	1602
2405	1603
2406	1625
2407	1626
2408	1626
2409	1626
2410	1626
2411	1627
2412	1627
2413	1627
2414	1627
2415	1628
2416	1628
2417	1628
2418	1629
2419	1630
2420	1631
2421	1632
2422	1633
2423	1634
2424	1635
2425	1636
2426	1637
2427	1638
2428	1639
2429	1640
2430	1641
2431	1649
2432	1650
2433	1650
2434	1651
2435	1652
2436	1653
2437	1654
2438	1652
2439	1653
2440	1654
2441	1655
2442	1655
2443	1656
2444	1657
2445	1658
2446	1659
2447	1660
2448	1661
2449	1662
2450	1663
2451	1664
2452	1665
2453	1666
2454	1667
2455	1667
2456	1668
2457	1668
2458	1668
2459	1668
2460	1669
2461	1670
2462	1673
2463	1673
2464	1673
2465	1673
2466	1674
2467	1674
2468	1674
2469	1674
2470	1675
2471	1675
2472	1676
2473	1677
2474	1677
2475	1676
2476	1677
2477	1678
2478	1679
2479	1680
2480	1680
2481	1681
2482	1682
2483	1683
2484	1683
2485	1682
2486	1683
2487	1684
2488	1685
2489	1686
2490	1687
2491	1688
2492	1689
2493	1690
2494	1690
2495	1690
2496	1690
2497	1691
2498	1691
2499	1691
2500	1691
2501	1692
2502	1692
2503	1693
2504	1694
2505	1691
2506	1692
2507	1692
2508	1692
2509	1692
2510	1693
2511	1693
2512	1694
2513	1694
2514	1694
2515	1694
2516	1695
2517	1695
2518	1695
2519	1695
2520	1696
2521	1718
2522	1718
2523	1719
2524	1719
2525	1719
2526	1719
2527	1720
2528	1721
2529	1722
2530	1722
2531	1721
2532	1722
2533	1723
2534	1724
2535	1725
2536	1726
2537	1727
2538	1728
2539	1727
2540	1727
2541	1728
2542	1729
2543	1730
2544	1731
2545	1732
2546	1731
2547	1731
2548	1732
2549	1733
2550	1734
2551	1735
2552	1736
2553	1737
2554	1738
2555	1739
2556	1740
2557	1741
2558	1741
2559	1740
2560	1741
2561	1742
2562	1743
2563	1743
2564	1744
2565	1745
2566	1746
2567	1747
2568	1748
2569	1749
2570	1750
2571	1751
2572	1751
2573	1751
2574	1751
2575	1752
2576	1752
2577	1752
2578	1752
2579	1753
2580	1753
2581	1753
2582	1753
2583	1764
2584	1765
2585	1765
2586	1766
2587	1767
2588	1768
2589	1769
2590	1770
2591	1771
2592	1772
2593	1773
2594	1774
2595	1775
2596	1776
2597	1777
2598	1778
2599	1779
2600	1780
2601	1788
2602	1789
2603	1790
2604	1791
2605	1792
2606	1793
2607	1792
2608	1792
2609	1793
2610	1794
2611	1794
2612	1794
2613	1795
2614	1796
2615	1797
2616	1798
2617	1799
2618	1799
2619	1799
2620	1799
2621	1800
2622	1800
2623	1800
2624	1800
2625	1801
2626	1801
2627	1801
2628	1810
2629	1810
2630	1810
2631	1810
2632	1811
2633	1811
2634	1811
2635	1811
2636	1812
2637	1812
2638	1812
2639	1812
2640	1813
2641	1813
2642	1813
2643	1813
2644	1814
2645	1814
2646	1814
2647	1814
2648	1815
2649	1815
2650	1815
2651	1816
2652	1817
2653	1818
2654	1819
2655	1820
2656	1821
2657	1820
2658	1820
2659	1821
2660	1822
2661	1822
2662	1823
2663	1824
2664	1825
2665	1826
2666	1827
2667	1828
2668	1829
2669	1830
2670	1831
2671	1830
2672	1830
2673	1831
2674	1832
2675	1832
2676	1833
2677	1834
2678	1835
2679	1836
2680	1836
2681	1836
2682	1836
2683	1837
2684	1837
2685	1837
2686	1837
2687	1838
2688	1838
2689	1838
2690	1838
2691	1839
2692	1839
2693	1839
2694	1839
2695	1840
2696	1840
2697	1840
2698	1841
2699	1857
2700	1857
2701	1857
2702	1858
2703	1858
2704	1858
2705	1859
2706	1859
2707	1859
2708	1859
2709	1860
2710	1860
2711	1860
2712	1861
2713	1862
2714	1863
2715	1864
2716	1863
2717	1863
2718	1864
2719	1865
2720	1866
2721	1867
2722	1868
2723	1866
2724	1867
2725	1868
2726	1869
2727	1870
2728	1871
2729	1871
2730	1870
2731	1871
2732	1872
2733	1872
2734	1873
2735	1874
2736	1875
2737	1875
2738	1875
2739	1876
2740	1877
2741	1878
2742	1879
2743	1879
2744	1879
2745	1880
2746	1881
2747	1882
2748	1883
2749	1884
2750	1884
2751	1885
2752	1885
2753	1886
2754	1886
2755	1887
2756	1904
2757	1904
2758	1905
2759	1905
2760	1905
2761	1905
2762	1906
2763	1906
2764	1907
2765	1908
2766	1909
2767	1910
2768	1909
2769	1909
2770	1910
2771	1911
2772	1912
2773	1913
2774	1912
2775	1912
2776	1913
2777	1914
2778	1915
2779	1916
2780	1917
2781	1918
2782	1919
2783	1920
2784	1921
2785	1922
2786	1923
2787	1923
2788	1922
2789	1923
2790	1924
2791	1924
2792	1925
2793	1924
2794	1925
2795	1926
2796	1927
2797	1928
2798	1929
2799	1929
2800	1929
2801	1929
2802	1930
2803	1930
2804	1931
2805	1931
2806	1950
2807	1950
2808	1950
2809	1951
2810	1951
2811	1951
2812	1951
2813	1952
2814	1953
2815	1954
2816	1955
2817	1954
2818	1954
2819	1955
2820	1956
2821	1955
2822	1955
2823	1956
2824	1957
2825	1958
2826	1959
2827	1960
2828	1961
2829	1962
2830	1963
2831	1964
2832	1963
2833	1963
2834	1964
2835	1965
2836	1965
2837	1966
2838	1967
2839	1968
2840	1967
2841	1967
2842	1968
2843	1969
2844	1970
2845	1970
2846	1970
2847	1970
2848	1971
2849	1971
2850	1972
2851	1972
2852	1972
2853	1972
2854	1973
2855	1973
2856	1973
2857	1973
2858	1974
2859	1974
2860	1974
2861	1974
2862	1975
2863	1975
2864	1997
2865	1997
2866	1997
2867	1998
2868	1998
2869	1998
2870	1998
2871	1999
2872	1999
2873	1999
2874	2000
2875	2001
2876	2002
2877	2003
2878	2004
2879	2005
2880	2006
2881	2007
2882	2007
2883	2006
2884	2007
2885	2008
2886	2009
2887	2010
2888	2011
2889	2010
2890	2010
2891	2011
2892	2012
2893	2013
2894	2014
2895	2015
2896	2016
2897	2017
2898	2018
2899	2019
2900	2020
2901	2019
2902	2019
2903	2020
2904	2021
2905	2021
2906	2021
2907	2021
2908	2022
2909	2022
2910	2022
2911	2022
2912	2023
2913	2023
2914	2023
2915	2023
2916	2024
2917	2024
2918	2024
2919	2025
2920	2043
2921	2043
2922	2043
2923	2044
2924	2044
2925	2044
2926	2045
2927	2045
2928	2045
2929	2045
2930	2046
2931	2047
2932	2048
2933	2048
2934	2047
2935	2048
2936	2049
2937	2050
2938	2051
2939	2052
2940	2053
2941	2054
2942	2053
2943	2053
2944	2054
2945	2055
2946	2054
2947	2054
2948	2055
2949	2056
2950	2057
2951	2058
2952	2059
2953	2060
2954	2061
2955	2062
2956	2063
2957	2064
2958	2065
2959	2065
2960	2065
2961	2065
2962	2066
2963	2066
2964	2066
2965	2066
2966	2067
2967	2067
2968	2067
2969	2067
2970	2068
2971	2068
2972	2068
2973	2068
2974	2069
2975	2069
2976	2069
2977	2069
2978	2089
2979	2089
2980	2089
2981	2090
2982	2090
2983	2090
2984	2090
2985	2091
2986	2091
2987	2091
2988	2091
2989	2092
2990	2093
2991	2094
2992	2095
2993	2096
2994	2097
2995	2098
2996	2099
2997	2098
2998	2098
2999	2099
3000	2100
3001	2099
3002	2099
3003	2100
3004	2101
3005	2100
3006	2100
3007	2102
3008	2113
3009	2113
3010	2113
3011	2114
3012	2114
3013	2114
3014	2114
3015	2115
3016	2115
3017	2115
3018	2116
3019	2117
3020	2118
3021	2119
3022	2120
3023	2121
3024	2122
3025	2123
3026	2124
3027	2122
3028	2122
3029	2123
3030	2122
3031	2123
3032	2123
3033	2124
3034	2123
3035	2135
3036	2135
3037	2135
3038	2136
3039	2136
3040	2136
3041	2137
3042	2137
3043	2137
3044	2137
3045	2138
3046	2138
3047	2138
3048	2138
3049	2139
3050	2139
3051	2139
3052	2140
3053	2141
3054	2142
3055	2143
3056	2142
3057	2142
3058	2143
3059	2144
3060	2145
3061	2146
3062	2146
3063	2145
3064	2146
3065	2147
3066	2148
3067	2149
3068	2150
3069	2151
3070	2151
3071	2150
3072	2151
3073	2152
3074	2153
3075	2153
3076	2153
3077	2153
3078	2154
3079	2154
3080	2155
3081	2155
3082	2156
3083	2156
3084	2156
3085	2156
3086	2157
3087	2157
3088	2157
3089	2157
3090	2158
3091	2158
3092	2159
3093	2182
3094	2182
3095	2182
3096	2183
3097	2183
3098	2183
3099	2183
3100	2184
3101	2185
3102	2186
3103	2187
3104	2188
3105	2189
3106	2190
3107	2191
3108	2192
3109	2193
3110	2194
3111	2192
3112	2193
3113	2194
3114	2195
3115	2196
3116	2197
3117	2198
3118	2199
3119	2200
3120	2201
3121	2201
3122	2202
3123	2203
3124	2203
3125	2202
3126	2203
3127	2204
3128	2205
3129	2206
3130	2206
3131	2205
3132	2206
3133	2207
3134	2207
3135	2206
3136	2207
3137	2207
3138	2207
3139	2207
3140	2208
3141	2208
3142	2208
3143	2208
3144	2209
3145	2209
3146	2209
3147	2209
3148	2210
3149	2210
3150	2210
3151	2211
3152	2230
3153	2231
3154	2230
3155	2230
3156	2231
3157	2232
3158	2233
3159	2233
3160	2232
3161	2233
3162	2234
3163	2235
3164	2236
3165	2237
3166	2237
3167	2236
3168	2237
3169	2238
3170	2239
3171	2240
3172	2241
3173	2242
3174	2243
3175	2244
3176	2245
3177	2246
3178	2246
3179	2245
3180	2246
3181	2247
3182	2247
3183	2248
3184	2249
3185	2250
3186	2251
3187	2251
3188	2251
3189	2252
3190	2252
3191	2252
3192	2252
3193	2253
3194	2253
3195	2253
3196	2253
3197	2254
3198	2254
3199	2254
3200	2254
3201	2241
3202	2241
3203	2241
3204	2242
3205	2242
3206	2242
3207	2242
3208	2243
3209	2243
3210	2243
3211	2243
3212	2275
3213	2275
3214	2276
3215	2276
3216	2276
3217	2276
3218	2277
3219	2277
3220	2277
3221	2278
3222	2279
3223	2280
3224	2281
3225	2282
3226	2283
3227	2284
3228	2283
3229	2283
3230	2284
3231	2285
3232	2285
3233	2285
3234	2286
3235	2287
3236	2288
3237	2289
3238	2290
3239	2291
3240	2292
3241	2293
3242	2292
3243	2292
3244	2293
3245	2294
3246	2294
3247	2293
3248	2294
3249	2295
3250	2295
3251	2296
3252	2296
3253	2296
3254	2296
3255	2297
3256	2297
3257	2297
3258	2297
3259	2298
3260	2298
3261	2298
3262	2298
3263	2299
3264	2299
3265	2299
3266	2299
3267	2300
3268	2300
3269	2300
3270	2300
3271	2301
3272	2301
3273	2322
3274	2322
3275	2322
3276	2323
3277	2323
3278	2323
3279	2324
3280	2325
3281	2326
3282	2327
3283	2328
3284	2327
3285	2327
3286	2328
3287	2329
3288	2330
3289	2330
3290	2331
3291	2332
3292	2333
3293	2334
3294	2335
3295	2336
3296	2337
3297	2336
3298	2345
3299	2345
3300	2346
3301	2346
3302	2346
3303	2346
3304	2347
3305	2348
3306	2349
3307	2350
3308	2350
3309	2349
3310	2350
3311	2351
3312	2352
3313	2353
3314	2354
3315	2354
3316	2355
3317	2356
3318	2357
3319	2358
3320	2357
3321	2357
3322	2367
3323	2367
3324	2367
3325	2367
3326	2367
3327	2367
3328	2367
3329	2367
3330	2367
3331	2367
3332	2367
3333	2367
3334	2367
3335	2367
3336	2367
3337	2367
3338	2368
3339	2368
3340	2368
3341	2368
3342	2369
3343	2369
3344	2369
3345	2369
3346	2370
3347	2371
3348	2372
3349	2370
3350	2371
3351	2372
3352	2372
3353	2371
3354	2372
3355	2373
3356	2374
3357	2375
3358	2376
3359	2376
3360	2377
3361	2378
3362	2379
3363	2380
3364	2381
3365	2381
3366	2381
3367	2381
3368	2382
3369	2382
3370	2382
3371	2382
3372	2383
3373	2383
3374	2383
3375	2383
3376	2384
3377	2385
3378	2386
3379	2387
3380	2388
3381	2389
3382	2389
3383	2389
3384	2389
3385	2390
3386	2390
3387	2391
3388	2392
3389	2393
3390	2394
3391	2395
3392	2396
3393	2396
3394	2397
3395	2398
3396	2397
3397	2397
3398	2398
3399	2399
3400	2400
3401	2401
3402	2402
3403	2402
3404	2401
3405	2402
3406	2403
3407	2402
3408	2402
3409	2403
3410	2404
3411	2405
3412	2406
3413	2407
3414	2408
3415	2409
3416	2438
3417	2438
3418	2439
3419	2440
3420	2440
3421	2439
3422	2440
3423	2441
3424	2442
3425	2443
3426	2444
3427	2443
3428	2443
3429	2444
3430	2445
3431	2445
3432	2446
3433	2447
3434	2448
3435	2449
3436	2450
3437	2451
3438	2451
3439	2450
3440	2460
3441	2444
3442	2452
3443	2460
3444	2460
3445	2461
3446	2461
3447	2461
3448	2461
3449	2462
3450	2462
3451	2463
3452	2464
3453	2465
3454	2465
3455	2465
3456	2465
3457	2466
3458	2467
3459	2468
3460	2468
3461	2467
3462	2468
3463	2469
3464	2469
3465	2470
3466	2470
3467	2470
3468	2471
3469	2472
3470	2473
3471	2474
3472	2475
3473	2476
3474	2477
3475	2476
3476	2476
3477	2477
3478	2478
3479	2479
3480	2480
3481	2481
3482	2480
3483	2481
3484	2482
3485	2483
3486	2484
3487	2496
3488	2496
3489	2496
3490	2497
3491	2498
3492	2499
3493	2500
3494	2499
3495	2499
3496	2500
3497	2501
3498	2502
3499	2506
3500	2506
3501	2506
3502	2506
3503	2507
3504	2507
3505	2507
3506	2507
3507	2508
3508	2508
3509	2508
3510	2508
3511	2509
3512	2510
3513	2511
3514	2512
3515	2512
3516	2511
3517	2512
3518	2513
3519	2513
3520	2512
3521	2513
3522	2514
3523	2515
3524	2516
3525	2517
3526	2516
3527	2516
3528	2517
3529	2518
3530	2519
3531	2520
3532	2521
3533	2532
3534	2532
3535	2533
3536	2534
3537	2534
3538	2534
3539	2534
3540	2535
3541	2536
3542	2537
3543	2538
3544	2539
3545	2540
3546	2541
3547	2542
3548	2543
3549	2541
3550	2542
3551	2543
3552	2544
3553	2545
3554	2546
3555	2538
3556	2538
3557	2537
3558	2552
3559	2552
3560	2554
3561	2555
3562	2555
3563	2555
3564	2555
3565	2556
3566	2557
3567	2558
3568	2559
3569	2560
3570	2561
3571	2560
3572	2560
3573	2561
3574	2562
3575	2563
3576	2564
3577	2565
3578	2566
3579	2567
3580	2568
3581	2569
3582	2570
3583	2571
3584	2572
3585	2573
3586	2572
3587	2572
3588	2573
3589	2574
3590	2575
3591	2576
3592	2577
3593	2578
3594	2579
3595	2579
3596	2578
3597	2579
3598	2580
3599	2581
3600	2582
3601	2583
3602	2584
3603	2585
3604	2586
3605	2587
3606	2588
3607	2589
3608	2590
3609	2590
3610	2589
3611	2590
3612	2591
3613	2592
3614	2591
3615	2591
3616	2592
3617	2592
3618	2600
3619	2600
3620	2601
3621	2602
3622	2602
3623	2601
3624	2602
3625	2603
3626	2604
3627	2605
3628	2606
3629	2607
3630	2608
3631	2607
3632	2607
3633	2608
3634	2609
3635	2610
3636	2611
3637	2612
3638	2613
3639	2614
3640	2615
3641	2616
3642	2616
3643	2616
3644	2616
3645	2617
3646	2617
3647	2617
3648	2617
3649	2618
3650	2619
3651	2620
3652	2621
3653	2622
3654	2623
3655	2624
3656	2625
3657	2626
3658	2627
3659	2627
3660	2626
3661	2627
3662	2627
3663	2627
3664	2628
3665	2629
3666	2630
3667	2631
3668	2632
3669	2633
3670	2634
3671	2635
3672	2636
3673	2637
3674	2647
3675	2647
3676	2648
3677	2648
3678	2649
3679	2649
3680	2649
3681	2649
3682	2650
3683	2651
3684	2652
3685	2653
3686	2654
3687	2653
3688	2653
3689	2654
3690	2654
3691	2654
3692	2654
3693	2655
3694	2656
3695	2657
3696	2658
3697	2659
3698	2659
3699	2658
3700	2659
3701	2660
3702	2661
3703	2662
3704	2670
3705	2671
3706	2672
3707	2673
3708	2672
3709	2672
3710	2673
3711	2674
3712	2673
3713	2673
3714	2674
3715	2675
3716	2676
3717	2677
3718	2678
3719	2679
3720	2679
3721	2678
3722	2679
3723	2680
3724	2681
3725	2682
3726	2683
3727	2684
3728	2685
3729	2685
3730	2685
3731	2685
3732	2686
3733	2686
3734	2692
3735	2693
3736	2693
3737	2694
3738	2695
3739	2696
3740	2697
3741	2698
3742	2699
3743	2700
3744	2699
3745	2699
3746	2700
3747	2701
3748	2702
3749	2702
3750	2703
3751	2704
3752	2705
3753	2704
3754	2704
3755	2705
3756	2706
3757	2707
3758	2708
3759	2709
3760	2710
3761	2710
3762	2709
3763	2710
3764	2711
3765	2712
3766	2713
3767	2714
3768	2715
3769	2716
3770	2716
3771	2716
3772	2717
3773	2718
3774	2719
3775	2720
3776	2721
3777	2722
3778	2723
3779	2724
3780	2739
3781	2739
3782	2740
3783	2740
3784	2740
3785	2740
3786	2741
3787	2741
3788	2742
3789	2742
3790	2742
3791	2742
3792	2743
3793	2743
3794	2743
3795	2744
3796	2745
3797	2746
3798	2746
3799	2745
3800	2746
3801	2747
3802	2748
3803	2749
3804	2750
3805	2751
3806	2752
3807	2751
3808	2751
3809	2752
3810	2753
3811	2754
3812	2752
3813	2753
3814	2754
3815	2755
3816	2756
3817	2757
3818	2758
3819	2758
3820	2757
3821	2758
3822	2759
3823	2759
3824	2760
3825	2760
3826	2760
3827	2760
3828	2761
3829	2762
3830	2763
3831	2763
3832	2762
3833	2763
3834	2764
3835	2765
3836	2766
3837	2767
3838	2768
3839	2769
3840	2770
3841	2771
3842	2772
3843	2773
3844	2786
3845	2786
3846	2787
3847	2787
3848	2787
3849	2787
3850	2788
3851	2788
3852	2788
3853	2789
3854	2790
3855	2791
3856	2792
3857	2793
3858	2794
3859	2792
3860	2793
3861	2794
3862	2795
3863	2793
3864	2794
3865	2795
3866	2796
3867	2797
3868	2797
3869	2798
3870	2799
3871	2800
3872	2801
3873	2802
3874	2803
3875	2802
3876	2802
3877	2803
3878	2804
3879	2804
3880	2804
3881	2804
3882	2805
3883	2806
3884	2807
3885	2808
3886	2809
3887	2810
3888	2811
3889	2811
3890	2810
3891	2811
3892	2812
3893	2812
3894	2812
3895	2812
3896	2813
3897	2814
3898	2814
3899	2815
3900	2816
3901	2817
3902	2818
3903	2817
3904	2817
3905	2818
3906	2819
3907	2819
3908	2818
3909	2819
3910	2820
3911	2820
3912	2819
3913	2820
3914	2821
3915	2822
3916	2823
3917	2824
3918	2823
3919	2823
3920	2824
3921	2825
3922	2824
3923	2824
3924	2825
3925	2826
3926	2827
3927	2828
3928	2829
3929	2830
3930	2831
3931	2832
3932	2833
3933	2834
3934	2835
3935	2835
3936	2834
3937	2835
3938	2836
3939	2837
3940	2838
3941	2839
3942	2840
3943	2841
3944	2840
3945	2840
3946	2841
3947	2842
3948	2842
3949	2843
3950	2844
3951	2845
3952	2846
3953	2847
3954	2848
3955	2848
3956	2848
3957	2848
3958	2849
3959	2850
3960	2851
3961	2852
3962	2853
3963	2854
3964	2855
3965	2879
3966	2879
3967	2880
3968	2880
3969	2880
3970	2881
3971	2882
3972	2881
3973	2881
3974	2882
3975	2883
3976	2882
3977	2882
3978	2883
3979	2884
3980	2885
3981	2886
3982	2887
3983	2888
3984	2889
3985	2890
3986	2891
3987	2890
3988	2890
3989	2891
3990	2892
3991	2893
3992	2894
3993	2902
3994	2902
3995	2903
3996	2904
3997	2904
3998	2903
3999	2904
4000	2905
4001	2906
4002	2905
4003	2905
4004	2906
4005	2907
4006	2906
4007	2906
4008	2907
4009	2908
4010	2909
4011	2910
4012	2909
4013	2909
4014	2910
4015	2911
4016	2912
4017	2913
4018	2914
4019	2915
4020	2916
4021	2917
4022	2918
4023	2918
4024	2919
4025	2924
4026	2924
4027	2924
4028	2925
4029	2925
4030	2925
4031	2925
4032	2926
4033	2926
4034	2926
4035	2926
4036	2927
4037	2927
4038	2927
4039	2928
4040	2929
4041	2930
4042	2929
4043	2929
4044	2930
4045	2931
4046	2930
4047	2930
4048	2931
4049	2932
4050	2933
4051	2934
4052	2935
4053	2936
4054	2937
4055	2938
4056	2937
4057	2937
4058	2938
4059	2939
4060	2938
4061	2938
4062	2939
4063	2940
4064	2941
4065	2942
4066	2943
4067	2944
4068	2945
4069	2946
4070	2947
4071	2946
4072	2946
4073	2947
4074	2948
4075	2947
4076	2947
4077	2948
4078	2949
4079	2950
4080	2951
4081	2952
4082	2953
4083	2953
4084	2952
4085	2953
4086	2954
4087	2954
4088	2954
4089	2954
4090	2955
4091	2956
4092	2957
4093	2958
4094	2959
4095	2960
4096	2961
4097	2961
4098	2960
4099	2961
4100	2962
4101	2962
4102	2962
4103	2962
4104	2963
4105	2963
4106	2964
4107	2965
4108	2966
4109	2967
4110	2968
4111	2969
4112	2995
4113	2995
4114	2996
4115	2996
4116	2997
4117	2998
4118	2999
4119	3000
4120	3001
4121	3002
4122	3003
4123	3004
4124	3005
4125	3004
4126	3004
4127	3005
4128	3006
4129	3007
4130	3007
4131	3008
4132	3009
4133	3010
4134	3011
4135	3012
4136	3018
4137	3019
4138	3019
4139	3019
4140	3019
4141	3020
4142	3020
4143	3020
4144	3020
4145	3021
4146	3022
4147	3021
4148	3021
4149	3022
4150	3023
4151	3024
4152	3025
4153	3026
4154	3026
4155	3025
4156	3026
4157	3027
4158	3028
4159	3029
4160	3029
4161	3028
4162	3029
4163	3030
4164	3030
4165	3029
4166	3030
4167	3031
4168	3031
4169	3032
4170	3033
4171	3034
4172	3035
4173	3036
4174	3037
4175	3038
4176	3039
4177	3040
4178	3053
4179	3054
4180	3055
4181	3054
4182	3054
4183	3055
4184	3056
4185	3057
4186	3058
4187	3059
4188	3060
4189	3061
4190	3062
4191	3062
4192	3063
4193	3063
4194	3063
4195	3063
4196	3057
4197	3064
4198	3064
4199	3065
4200	3065
4201	3065
4202	3065
4203	3066
4204	3066
4205	3066
4206	3066
4207	3067
4208	3068
4209	3069
4210	3070
4211	3071
4212	3072
4213	3071
4214	3071
4215	3072
4216	3073
4217	3074
4218	3075
4219	3076
4220	3077
4221	3078
4222	3079
4223	3088
4224	3088
4225	3089
4226	3090
4227	3091
4228	3092
4229	3093
4230	3094
4231	3095
4232	3096
4233	3095
4234	3095
4235	3096
4236	3097
4237	3098
4238	3099
4239	3100
4240	3101
4241	3101
4242	3100
4243	3101
4244	3102
4245	3103
4246	3103
4247	3104
4248	3105
4249	3106
4250	3107
4251	3108
4252	3111
4253	3111
4254	3112
4255	3112
4256	3112
4257	3112
4258	3113
4259	3114
4260	3114
4261	3114
4262	3115
4263	3116
4264	3115
4265	3115
4266	3116
4267	3117
4268	3116
4269	3116
4270	3117
4271	3118
4272	3117
4273	3118
4274	3119
4275	3120
4276	3121
4277	3122
4278	3123
4279	3124
4280	3125
4281	3126
4282	3125
4283	3125
4284	3126
4285	3127
4286	3128
4287	3129
4288	3130
4289	3131
4290	3132
4291	3133
4292	3133
4293	3134
4294	3135
4295	3136
4296	3137
4297	3138
4298	3139
4299	3157
4300	3157
4301	3158
4302	3158
4303	3159
4304	3160
4305	3161
4306	3161
4307	3160
4308	3161
4309	3162
4310	3162
4311	3162
4312	3162
4313	3163
4314	3163
4315	3163
4316	3163
4317	3164
4318	3165
4319	3166
4320	3167
4321	3168
4322	3168
4323	3169
4324	3170
4325	3171
4326	3172
4327	3173
4328	3174
4329	3175
4330	3176
4331	3177
4332	3178
4333	3182
4334	3182
4335	3183
4336	3184
4337	3185
4338	3186
4339	3187
4340	3188
4341	3189
4342	3190
4343	3191
4344	3192
4345	3193
4346	3194
4347	3195
4348	3196
4349	3197
4350	3198
4351	3199
4352	3200
4353	3201
4354	3201
4355	3201
4356	3201
4357	3201
4358	3201
4359	3201
4360	3201
4361	3201
4362	3201
4363	3201
4364	3204
4365	3205
4366	3205
4367	3205
4368	3206
4369	3207
4370	3208
4371	3208
4372	3207
4373	3208
4374	3209
4375	3209
4376	3209
4377	3210
4378	3211
4379	3212
4380	3213
4381	3213
4382	3212
4383	3213
4384	3214
4385	3215
4386	3215
4387	3215
4388	3215
4389	3216
4390	3217
4391	3218
4392	3219
4393	3220
4394	3227
4395	3228
4396	3229
4397	3230
4398	3229
4399	3230
4400	3231
4401	3230
4402	3230
4403	3231
4404	3232
4405	3233
4406	3234
4407	3235
4408	3235
4409	3234
4410	3235
4411	3236
4412	3237
4413	3238
4414	3239
4415	3240
4416	3241
4417	3242
4418	3243
4419	3244
4420	3245
4421	3246
4422	3247
4423	3248
4424	3248
4425	3248
4426	3248
4427	3250
4428	3250
4429	3250
4430	3251
4431	3251
4432	3252
4433	3253
4434	3254
4435	3255
4436	3256
4437	3257
4438	3258
4439	3259
4440	3260
4441	3261
4442	3262
4443	3262
4444	3261
4445	3262
4446	3263
4447	3264
4448	3265
4449	3266
4450	3265
4451	3265
4452	3266
4453	3267
4454	3268
4455	3269
4456	3270
4457	3271
4458	3270
4459	3270
4460	3271
4461	3272
4462	3273
4463	3274
4464	3275
4465	3276
4466	3277
4467	3278
4468	3277
4469	3278
4470	3279
4471	3280
4472	3281
4473	3282
4474	3283
4475	3284
4476	3285
4477	3286
4478	3287
4479	3288
4480	3289
4481	3290
4482	3291
4483	3292
4484	3293
4485	3296
4486	3296
4487	3296
4488	3297
4489	3297
4490	3297
4491	3297
4492	3298
4493	3299
4494	3300
4495	3301
4496	3302
4497	3303
4498	3304
4499	3304
4500	3303
4501	3304
4502	3305
4503	3306
4504	3307
4505	3308
4506	3309
4507	3310
4508	3311
4509	3312
4510	3313
4511	3314
4512	3315
4513	3313
4514	3314
4515	3315
4516	3316
4517	3317
4518	3318
4519	3318
4520	3318
4521	3318
4522	3319
4523	3320
4524	3321
4525	3322
4526	3323
4527	3324
4528	3325
4529	3326
4530	3327
4531	3327
4532	3327
4533	3327
4534	3328
4535	3328
4536	3328
4537	3328
4538	3329
4539	3329
4540	3330
4541	3331
4542	3332
4543	3331
4544	3331
4545	3332
4546	3333
4547	3332
4548	3332
4549	3333
4550	3333
4551	3334
4552	3334
4553	3334
4554	3334
4555	3335
4556	3335
4557	3336
4558	3336
4559	3336
4560	3337
4561	3337
4562	3338
4563	3338
4564	3338
4565	3343
4566	3343
4567	3344
4568	3344
4569	3344
4570	3344
4571	3345
4572	3346
4573	3347
4574	3347
4575	3346
4576	3347
4577	3348
4578	3348
4579	3347
4580	3348
4581	3349
4582	3350
4583	3351
4584	3352
4585	3351
4586	3351
4587	3352
4588	3353
4589	3354
4590	3355
4591	3355
4592	3354
4593	3355
4594	3356
4595	3357
4596	3358
4597	3359
4598	3360
4599	3361
4600	3362
4601	3362
4602	3361
4603	3362
4604	3363
4605	3364
4606	3365
4607	3366
4608	3367
4609	3367
4610	3366
4611	3367
4612	3368
4613	3369
4614	3370
4615	3371
4616	3372
4617	3371
4618	3371
4619	3372
4620	3373
4621	3372
4622	3372
4623	3373
4624	3374
4625	3375
4626	3376
4627	3377
4628	3378
4629	3378
4630	3377
4631	3378
4632	3379
4633	3380
4634	3379
4635	3379
4636	3380
4637	3381
4638	3381
4639	3382
4640	3383
4641	3384
4642	3385
4643	3386
4644	3385
4645	3386
4646	3387
4647	3388
4648	3389
4649	3390
4650	3389
4651	3390
4652	3391
4653	3390
4654	3390
4655	3391
4656	3392
4657	3392
4658	3392
4659	3393
4660	3394
4661	3395
4662	3396
4663	3396
4664	3396
4665	3396
4666	3397
4667	3397
4668	3398
4669	3398
4670	3398
4671	3399
4672	3399
4673	3399
4674	3400
4675	3400
4676	3400
4677	3401
4678	3401
4679	3401
4680	3401
4681	3402
4682	3402
4683	3402
4684	3403
4685	3403
4686	3403
4687	3403
4688	3404
4689	3404
4690	3404
4691	3404
4692	3405
4693	3405
4694	3405
4695	3405
4696	3406
4697	3406
4698	3406
4699	3406
4700	3407
4701	3407
4702	3407
4703	3408
4704	3408
4705	3408
4706	3408
4707	3409
4708	3409
4709	3409
4710	3409
4711	3410
4712	3410
4713	3410
4714	3410
4715	3411
4716	3411
4717	3411
4718	3411
4719	3412
4720	3412
4721	3412
4722	3413
4723	3413
4724	3413
4725	3413
4726	3414
4727	3414
4728	3414
4729	3414
4730	3415
4731	3415
4732	3415
4733	3415
4734	3416
4735	3416
4736	3416
4737	3416
4738	3417
4739	3417
4740	3417
4741	3417
4742	3418
4743	3418
4744	3418
4745	3418
